players, actions, min payoff, max payoff
2,4,0,100
normalize
1
generator
GrabTheDollar
NE
1,0,0,0,0,1,0,0,1,0,0,0,0,0,1,0,1,0,0,0,0,0,0,1,0,1,0,0,1,0,0,0,41/50,9/50,0,0,0,0,1,0,41/50,9/50,0,0,0,0,0,1,0,0,1,0,1,0,0,0,0,0,1,0,41/50,9/50,0,0,41/50,369/2500,81/2500,0,0,0,0,1,0,0,0,1,1,0,0,0,0,0,0,1,41/50,9/50,0,0,0,0,0,1,41/50,369/2500,81/2500,0,125000/152279,22500/152279,4050/152279,729/152279,125000/152279,22500/152279,4050/152279,729/152279,
NE_d
1,0,0,0,0,1,0,0,1,0,0,0,0,0,1,0,1,0,0,0,0,0,0,1,0,1,0,0,1,0,0,0,0.82,0.18,0,0,0,0,1,0,0.82,0.18,0,0,0,0,0,1,0,0,1,0,1,0,0,0,0,0,1,0,0.82,0.18,0,0,0.82,0.1476,0.0324,0,0,0,0,1,0,0,0,1,1,0,0,0,0,0,0,1,0.82,0.18,0,0,0,0,0,1,0.82,0.1476,0.0324,0,0.820862,0.147755,0.0265959,0.00478727,0.820862,0.147755,0.0265959,0.00478727,
cel_col_alpha
0.673814,1,1,1,1,0.0218316,0.000707343,1.87927e-05,1,0.000707343,0.000707343,4.12522e-06,1,1.87927e-05,4.12522e-06,2.29179e-05,
Matrix
0,0,18,100,18,100,18,100,100,18,0,0,18,100,18,100,100,18,100,18,0,0,18,100,100,18,100,18,100,18,0,0,
matrix_i
0,0,18,100,18,100,18,100,100,18,0,0,18,100,18,100,100,18,100,18,0,0,18,100,100,18,100,18,100,18,0,0,
pareto_opt
18,100,18,100,18,100,100,18,18,100,18,100,100,18,100,18,18,100,100,18,100,18,100,18,
pareto_opt_ind
1,2,3,4,6,7,8,9,11,12,13,14,
stepsize
1,4,
conv_ind
1,0,
binplayer
0,0,
