players, actions, min payoff, max payoff
2,5,0,100
normalize
1
generator
BidirectionalLEG
NE
1,0,0,0,0,1,0,0,0,0,
NE_d
1,0,0,0,0,1,0,0,0,0,
cel_col_alpha

Matrix
94,94,55,90,66,94,92,100,0,91,90,55,53,53,68,60,87,60,5,60,94,66,60,68,71,71,87,68,5,68,100,92,60,87,68,87,95,95,5,87,91,0,60,5,68,5,87,5,26,26,
matrix_i
94,94,55,90,66,94,92,100,0,91,90,55,53,53,68,60,87,60,5,60,94,66,60,68,71,71,87,68,5,68,100,92,60,87,68,87,95,95,5,87,91,0,60,5,68,5,87,5,26,26,
pareto_opt
92,100,100,92,95,95,
pareto_opt_ind
3,15,18,
stepsize
1,5,
conv_ind
1,0,
binplayer
0,0,
