players, actions, min payoff, max payoff
2,4,0,100
normalize
1
generator
UniformLEG
NE
0,0,1,0,0,0,1,0,
NE_d
0,0,1,0,0,0,1,0,
cel_col_alpha
0,0,0,0,0,0,0,0,0,0,1,0,0,0,0,0,
Matrix
46,46,29,46,100,43,46,47,46,29,28,28,100,29,44,29,43,100,29,100,92,92,41,99,47,46,29,44,99,41,0,0,
matrix_i
46,46,29,46,100,43,46,47,46,29,28,28,100,29,44,29,43,100,29,100,92,92,41,99,47,46,29,44,99,41,0,0,
pareto_opt
100,43,43,100,92,92,
pareto_opt_ind
2,8,10,
stepsize
1,4,
conv_ind
1,0,
binplayer
0,0,
