players, actions, min payoff, max payoff
2,5,0,100
normalize
1
generator
PolymatrixGame
NE
1,0,0,0,0,1,0,0,0,0,0,1,0,0,0,0,0,1,0,0,0,1,0,0,0,0,0,16/25,9/25,0,0,1,0,0,0,0,0,16/25,0,9/25,0,0,1,0,0,0,0,0,1,0,0,0,1,0,0,0,0,0,0,1,0,0,0,0,1,1,0,0,0,0,
NE_d
1,0,0,0,0,1,0,0,0,0,0,1,0,0,0,0,0,1,0,0,0,1,0,0,0,0,0,0.64,0.36,0,0,1,0,0,0,0,0,0.64,0,0.36,0,0,1,0,0,0,0,0,1,0,0,0,1,0,0,0,0,0,0,1,0,0,0,0,1,1,0,0,0,0,
cel_col_alpha

Matrix
0,0,0,0,0,0,0,0,0,0,0,0,34,34,0,0,0,0,0,0,0,0,68,68,50,50,0,0,0,0,0,0,68,68,100,100,42,42,0,0,0,0,68,68,100,100,83,83,0,0,
matrix_i
0,0,0,0,0,0,0,0,0,0,0,0,34,34,0,0,0,0,0,0,0,0,68,68,50,50,0,0,0,0,0,0,68,68,100,100,42,42,0,0,0,0,68,68,100,100,83,83,0,0,
pareto_opt
100,100,100,100,
pareto_opt_ind
17,22,
stepsize
1,5,
conv_ind
1,0,
binplayer
0,0,
