players, actions, min payoff, max payoff
2,5,0,100
normalize
1
generator
CournotDuopoly
NE
0,0,0,0,1,0,0,0,0,1,
NE_d
0,0,0,0,1,0,0,0,0,1,
cel_col_alpha

Matrix
0,0,9,2,24,5,42,7,66,9,2,9,14,14,31,19,52,23,77,28,5,24,19,31,38,38,61,44,88,51,7,42,23,52,44,61,69,69,96,76,9,66,28,77,51,88,76,96,100,100,
matrix_i
0,0,9,2,24,5,42,7,66,9,2,9,14,14,31,19,52,23,77,28,5,24,19,31,38,38,61,44,88,51,7,42,23,52,44,61,69,69,96,76,9,66,28,77,51,88,76,96,100,100,
pareto_opt
100,100,
pareto_opt_ind
24,
stepsize
1,5,
conv_ind
1,0,
binplayer
0,0,
