players, actions, min payoff, max payoff
2,5,0,100
normalize
1
generator
DispersionGame
NE
1,0,0,0,0,0,1,0,0,0,1,0,0,0,0,0,0,1,0,0,1,0,0,0,0,0,0,0,1,0,1,0,0,0,0,0,0,0,0,1,0,1,0,0,0,1,0,0,0,0,0,1,0,0,0,0,0,1,0,0,0,1,0,0,0,0,0,0,1,0,0,1,0,0,0,0,0,0,0,1,0,0,1,0,0,1,0,0,0,0,0,0,1,0,0,0,1,0,0,0,0,0,1,0,0,0,0,0,1,0,0,0,1,0,0,0,0,0,0,1,0,0,0,1,0,1,0,0,0,0,0,0,0,1,0,0,1,0,0,0,0,0,0,1,0,0,0,1,0,0,0,0,0,1,0,0,0,0,0,1,0,0,0,0,1,1,0,0,0,0,0,0,0,0,1,0,1,0,0,0,0,0,0,0,1,0,0,1,0,0,0,0,0,0,1,0,0,0,1,0,1/5,1/5,1/5,1/5,1/5,1/5,1/5,1/5,1/5,1/5,
NE_d
1,0,0,0,0,0,1,0,0,0,1,0,0,0,0,0,0,1,0,0,1,0,0,0,0,0,0,0,1,0,1,0,0,0,0,0,0,0,0,1,0,1,0,0,0,1,0,0,0,0,0,1,0,0,0,0,0,1,0,0,0,1,0,0,0,0,0,0,1,0,0,1,0,0,0,0,0,0,0,1,0,0,1,0,0,1,0,0,0,0,0,0,1,0,0,0,1,0,0,0,0,0,1,0,0,0,0,0,1,0,0,0,1,0,0,0,0,0,0,1,0,0,0,1,0,1,0,0,0,0,0,0,0,1,0,0,1,0,0,0,0,0,0,1,0,0,0,1,0,0,0,0,0,1,0,0,0,0,0,1,0,0,0,0,1,1,0,0,0,0,0,0,0,0,1,0,1,0,0,0,0,0,0,0,1,0,0,1,0,0,0,0,0,0,1,0,0,0,1,0,0.2,0.2,0.2,0.2,0.2,0.2,0.2,0.2,0.2,0.2,
cel_col_alpha

Matrix
0,0,100,100,100,100,100,100,100,100,100,100,0,0,100,100,100,100,100,100,100,100,100,100,0,0,100,100,100,100,100,100,100,100,100,100,0,0,100,100,100,100,100,100,100,100,100,100,0,0,
matrix_i
0,0,100,100,100,100,100,100,100,100,100,100,0,0,100,100,100,100,100,100,100,100,100,100,0,0,100,100,100,100,100,100,100,100,100,100,0,0,100,100,100,100,100,100,100,100,100,100,0,0,
pareto_opt
100,100,100,100,100,100,100,100,100,100,100,100,100,100,100,100,100,100,100,100,100,100,100,100,100,100,100,100,100,100,100,100,100,100,100,100,100,100,100,100,
pareto_opt_ind
1,2,3,4,5,7,8,9,10,11,13,14,15,16,17,19,20,21,22,23,
stepsize
1,5,
conv_ind
1,0,
binplayer
0,0,
