players, actions, min payoff, max payoff
2,3,0,100
normalize
1
generator
RockPaperScissors
NE
1/3,1/3,1/3,1/3,1/3,1/3,
NE_d
0.333333,0.333333,0.333333,0.333333,0.333333,0.333333,
cel_col_alpha
0.111111,0.111111,0.111111,0.111111,0.111111,0.111111,0.111111,0.111111,0.111111,
Matrix
50,50,0,100,100,0,100,0,50,50,0,100,0,100,100,0,50,50,
matrix_i
50,50,0,100,100,0,100,0,50,50,0,100,0,100,100,0,50,50,
pareto_opt
50,50,0,100,100,0,100,0,50,50,0,100,0,100,100,0,50,50,
pareto_opt_ind
0,1,2,3,4,5,6,7,8,
stepsize
1,3,
conv_ind
1,0,
binplayer
0,0,
