players, actions, min payoff, max payoff
2,5,0,100
normalize
1
generator
TravelersDilemma
NE
1,0,0,0,0,1,0,0,0,0,1,0,0,0,0,0,1,0,0,0,1,0,0,0,0,0,16/53,37/53,0,0,1,0,0,0,0,0,31/68,0,37/68,0,1,0,0,0,0,0,16/53,555/2809,1406/2809,0,1,0,0,0,0,0,47/84,0,0,37/84,1,0,0,0,0,0,16/53,1147/3657,0,1406/3657,1,0,0,0,0,0,31/68,0,148/901,1369/3604,1,0,0,0,0,0,16/53,555/2809,22496/148877,52022/148877,0,1,0,0,0,1,0,0,0,0,0,16/53,37/53,0,0,1,0,0,0,0,0,31/68,0,37/68,0,1,0,0,0,0,0,16/53,555/2809,1406/2809,0,1,0,0,0,0,0,47/84,0,0,37/84,1,0,0,0,0,0,16/53,1147/3657,0,1406/3657,1,0,0,0,0,0,31/68,0,148/901,1369/3604,1,0,0,0,0,0,16/53,555/2809,22496/148877,52022/148877,1,0,0,0,0,
NE_d
1,0,0,0,0,1,0,0,0,0,1,0,0,0,0,0,1,0,0,0,1,0,0,0,0,0,0.301887,0.698113,0,0,1,0,0,0,0,0,0.455882,0,0.544118,0,1,0,0,0,0,0,0.301887,0.197579,0.500534,0,1,0,0,0,0,0,0.559524,0,0,0.440476,1,0,0,0,0,0,0.301887,0.313645,0,0.384468,1,0,0,0,0,0,0.455882,0,0.164262,0.379856,1,0,0,0,0,0,0.301887,0.197579,0.151105,0.349429,0,1,0,0,0,1,0,0,0,0,0,0.301887,0.698113,0,0,1,0,0,0,0,0,0.455882,0,0.544118,0,1,0,0,0,0,0,0.301887,0.197579,0.500534,0,1,0,0,0,0,0,0.559524,0,0,0.440476,1,0,0,0,0,0,0.301887,0.313645,0,0.384468,1,0,0,0,0,0,0.455882,0,0.164262,0.379856,1,0,0,0,0,0,0.301887,0.197579,0.151105,0.349429,1,0,0,0,0,
cel_col_alpha

Matrix
0,0,0,53,0,53,0,53,0,53,53,0,16,16,16,69,16,69,16,69,53,0,69,16,31,31,31,84,31,84,53,0,69,16,84,31,47,47,47,100,53,0,69,16,84,31,100,47,62,62,
matrix_i
0,0,0,53,0,53,0,53,0,53,53,0,16,16,16,69,16,69,16,69,53,0,69,16,31,31,31,84,31,84,53,0,69,16,84,31,47,47,47,100,53,0,69,16,84,31,100,47,62,62,
pareto_opt
47,100,100,47,62,62,
pareto_opt_ind
19,23,24,
stepsize
1,5,
conv_ind
1,0,
binplayer
0,0,
