players, actions, min payoff, max payoff
2,4,0,100
normalize
1
generator
MajorityVoting
NE
1,0,0,0,1,0,0,0,0,1,0,0,1,0,0,0,0,0,1,0,1,0,0,0,0,0,0,1,1,0,0,0,
NE_d
1,0,0,0,1,0,0,0,0,1,0,0,1,0,0,0,0,0,1,0,1,0,0,0,0,0,0,1,1,0,0,0,
cel_col_alpha
1,1,1,1,0,0,0,0,0,0,0,0,0,0,0,0,
Matrix
10,100,10,100,10,100,10,100,10,100,18,65,18,65,18,65,10,100,18,65,100,35,100,35,10,100,18,65,100,35,18,0,
matrix_i
10,100,10,100,10,100,10,100,10,100,18,65,18,65,18,65,10,100,18,65,100,35,100,35,10,100,18,65,100,35,18,0,
pareto_opt
10,100,10,100,10,100,10,100,10,100,18,65,18,65,18,65,10,100,18,65,100,35,100,35,10,100,18,65,100,35,
pareto_opt_ind
0,1,2,3,4,5,6,7,8,9,10,11,12,13,14,
stepsize
1,4,
conv_ind
1,0,
binplayer
0,0,
