players, actions, min payoff, max payoff
2,4,0,100
normalize
1
generator
RandomZeroSum
NE
17/40,23/40,0,0,0,47/80,0,33/80,
NE_d
0.425,0.575,0,0,0,0.5875,0,0.4125,
cel_col_alpha
0,0,0,0,0.249688,0.337812,0,0,0,0,0,0,0.175312,0.237187,0,0,
Matrix
94,6,26,74,93,7,3,97,65,35,32,68,31,69,22,78,67,33,54,46,0,100,88,12,19,81,66,34,39,61,8,92,
matrix_i
94,6,26,74,93,7,3,97,65,35,32,68,31,69,22,78,67,33,54,46,0,100,88,12,19,81,66,34,39,61,8,92,
pareto_opt
94,6,26,74,93,7,3,97,65,35,32,68,31,69,22,78,67,33,54,46,0,100,88,12,19,81,66,34,39,61,8,92,
pareto_opt_ind
0,1,2,3,4,5,6,7,8,9,10,11,12,13,14,15,
stepsize
1,4,
conv_ind
1,0,
binplayer
0,0,
