players, actions, min payoff, max payoff
3,2,0,100
normalize
1
generator
RandomLEG
NE
0.000000,1.000000,0.000000,1.000000,0.000000,1.000000,
NE_d
0,1,0,1,0,1,
cel_col_alpha
0,0,0,0,0,0,0,1,
Matrix
12,12,12,0,0,100,100,0,0,84,2,84,0,100,0,2,84,84,84,84,2,59,59,59,
matrix_i
12,12,12,0,0,100,100,0,0,84,2,84,0,100,0,2,84,84,84,84,2,59,59,59,
pareto_opt
0,0,100,100,0,0,84,2,84,0,100,0,2,84,84,84,84,2,59,59,59,
pareto_opt_ind
1,2,3,4,5,6,7,
stepsize
2,4,1,
conv_ind
1,0,2,
binplayer
0,0,0,
