players, actions, min payoff, max payoff
2,3,0,100
normalize
1
generator
MinimumEffortGame
NE
1,0,0,1,0,0,0,1,0,0,1,0,31/50,19/50,0,31/50,19/50,0,0,0,1,0,0,1,31/50,0,19/50,31/50,0,19/50,0,31/50,19/50,0,31/50,19/50,
NE_d
1,0,0,1,0,0,0,1,0,0,1,0,0.62,0.38,0,0.62,0.38,0,0,0,1,0,0,1,0.62,0,0.38,0.62,0,0.38,0,0.62,0.38,0,0.62,0.38,
cel_col_alpha
1,0.2356,0.2356,0.2356,1,0.2356,0.2356,0.2356,1,
Matrix
38,38,19,38,0,38,38,19,69,69,50,69,38,0,69,50,100,100,
matrix_i
38,38,19,38,0,38,38,19,69,69,50,69,38,0,69,50,100,100,
pareto_opt
100,100,
pareto_opt_ind
8,
stepsize
1,3,
conv_ind
1,0,
binplayer
0,0,
