players, actions, min payoff, max payoff
2,3,0,100
normalize
1
generator
CovariantGame
NE
47/66,19/66,0,0,19/45,26/45,0,1,0,1,0,0,13/40,27/40,0,19/41,0,22/41,
NE_d
0.712121,0.287879,0,0,0.422222,0.577778,0,1,0,1,0,0,0.325,0.675,0,0.463415,0,0.536585,
cel_col_alpha
0.15061,1,0,0.300673,0.121549,0,0.0717525,0.0602439,0,
Matrix
64,14,86,60,10,100,8,60,34,0,26,38,70,41,51,47,55,73,
matrix_i
64,14,86,60,10,100,8,60,34,0,26,38,70,41,51,47,55,73,
pareto_opt
86,60,10,100,55,73,
pareto_opt_ind
1,2,8,
stepsize
1,3,
conv_ind
1,0,
binplayer
0,0,
