players, actions, min payoff, max payoff
2,5,0,100
normalize
1
generator
MajorityVoting
NE
1,0,0,0,0,1,0,0,0,0,0,1,0,0,0,0,1,0,0,0,0,0,1,0,0,0,0,1,0,0,0,0,1,0,0,0,0,0,1,0,0,0,1,0,0,0,0,0,0,1,0,0,0,1,0,0,0,1,0,0,0,0,0,0,1,0,0,1,0,0,
NE_d
1,0,0,0,0,1,0,0,0,0,0,1,0,0,0,0,1,0,0,0,0,0,1,0,0,0,0,1,0,0,0,0,1,0,0,0,0,0,1,0,0,0,1,0,0,0,0,0,0,1,0,0,0,1,0,0,0,1,0,0,0,0,0,0,1,0,0,1,0,0,
cel_col_alpha

Matrix
27,0,27,0,27,0,27,0,27,0,27,0,43,54,43,54,43,54,43,54,27,0,43,54,100,60,100,60,100,60,27,0,43,54,100,60,41,3,41,3,27,0,43,54,100,60,41,3,98,55,
matrix_i
27,0,27,0,27,0,27,0,27,0,27,0,43,54,43,54,43,54,43,54,27,0,43,54,100,60,100,60,100,60,27,0,43,54,100,60,41,3,41,3,27,0,43,54,100,60,41,3,98,55,
pareto_opt
100,60,100,60,100,60,100,60,100,60,
pareto_opt_ind
12,13,14,17,22,
stepsize
1,5,
conv_ind
1,0,
binplayer
0,0,
