players, actions, min payoff, max payoff
2,5,0,100
normalize
1
generator
BertrandOligopoly
NE
0,1,0,0,0,0,1,0,0,0,
NE_d
0,1,0,0,0,0,1,0,0,0,
cel_col_alpha

Matrix
0,0,4,4,4,4,4,4,4,4,4,4,16,16,4,36,4,36,4,36,4,4,36,4,32,32,4,68,4,68,4,4,36,4,68,4,48,48,4,100,4,4,36,4,68,4,100,4,64,64,
matrix_i
0,0,4,4,4,4,4,4,4,4,4,4,16,16,4,36,4,36,4,36,4,4,36,4,32,32,4,68,4,68,4,4,36,4,68,4,48,48,4,100,4,4,36,4,68,4,100,4,64,64,
pareto_opt
4,100,100,4,64,64,
pareto_opt_ind
19,23,24,
stepsize
1,5,
conv_ind
1,0,
binplayer
0,0,
