players, actions, min payoff, max payoff
2,5,0,100
normalize
1
generator
GrabTheDollar
NE
1,0,0,0,0,0,1,0,0,0,1,0,0,0,0,0,0,1,0,0,1,0,0,0,0,0,0,0,1,0,1,0,0,0,0,0,0,0,0,1,0,1,0,0,0,1,0,0,0,0,37/100,63/100,0,0,0,0,0,1,0,0,37/100,63/100,0,0,0,0,0,0,1,0,37/100,63/100,0,0,0,0,0,0,0,1,0,0,1,0,0,1,0,0,0,0,0,0,1,0,0,37/100,63/100,0,0,0,37/100,2331/10000,3969/10000,0,0,0,0,0,1,0,37/100,2331/10000,3969/10000,0,0,0,0,0,0,1,0,0,0,1,0,1,0,0,0,0,0,0,0,1,0,37/100,63/100,0,0,0,0,0,0,1,0,37/100,2331/10000,3969/10000,0,0,37/100,2331/10000,146853/1000000,250047/1000000,0,0,0,0,0,1,0,0,0,0,1,1,0,0,0,0,0,0,0,0,1,37/100,63/100,0,0,0,0,0,0,0,1,37/100,2331/10000,3969/10000,0,0,0,0,0,0,1,37/100,2331/10000,146853/1000000,250047/1000000,0,100000000/243447661,63000000/243447661,39690000/243447661,25004700/243447661,15752961/243447661,100000000/243447661,63000000/243447661,39690000/243447661,25004700/243447661,15752961/243447661,
NE_d
1,0,0,0,0,0,1,0,0,0,1,0,0,0,0,0,0,1,0,0,1,0,0,0,0,0,0,0,1,0,1,0,0,0,0,0,0,0,0,1,0,1,0,0,0,1,0,0,0,0,0.37,0.63,0,0,0,0,0,1,0,0,0.37,0.63,0,0,0,0,0,0,1,0,0.37,0.63,0,0,0,0,0,0,0,1,0,0,1,0,0,1,0,0,0,0,0,0,1,0,0,0.37,0.63,0,0,0,0.37,0.2331,0.3969,0,0,0,0,0,1,0,0.37,0.2331,0.3969,0,0,0,0,0,0,1,0,0,0,1,0,1,0,0,0,0,0,0,0,1,0,0.37,0.63,0,0,0,0,0,0,1,0,0.37,0.2331,0.3969,0,0,0.37,0.2331,0.146853,0.250047,0,0,0,0,0,1,0,0,0,0,1,1,0,0,0,0,0,0,0,0,1,0.37,0.63,0,0,0,0,0,0,0,1,0.37,0.2331,0.3969,0,0,0,0,0,0,1,0.37,0.2331,0.146853,0.250047,0,0.410766,0.258783,0.163033,0.102711,0.0647078,0.410766,0.258783,0.163033,0.102711,0.0647078,
cel_col_alpha

Matrix
0,0,63,100,63,100,63,100,63,100,100,63,0,0,63,100,63,100,63,100,100,63,100,63,0,0,63,100,63,100,100,63,100,63,100,63,0,0,63,100,100,63,100,63,100,63,100,63,0,0,
matrix_i
0,0,63,100,63,100,63,100,63,100,100,63,0,0,63,100,63,100,63,100,100,63,100,63,0,0,63,100,63,100,100,63,100,63,100,63,0,0,63,100,100,63,100,63,100,63,100,63,0,0,
pareto_opt
63,100,63,100,63,100,63,100,100,63,63,100,63,100,63,100,100,63,100,63,63,100,63,100,100,63,100,63,100,63,63,100,100,63,100,63,100,63,100,63,
pareto_opt_ind
1,2,3,4,5,7,8,9,10,11,13,14,15,16,17,19,20,21,22,23,
stepsize
1,5,
conv_ind
1,0,
binplayer
0,0,
