players, actions, min payoff, max payoff
2,3,0,100
normalize
1
generator
GrabTheDollar
NE
1,0,0,0,1,0,1,0,0,0,0,1,0,1,0,1,0,0,19/25,6/25,0,0,0,1,0,0,1,1,0,0,0,0,1,19/25,6/25,0,625/811,150/811,36/811,625/811,150/811,36/811,
NE_d
1,0,0,0,1,0,1,0,0,0,0,1,0,1,0,1,0,0,0.76,0.24,0,0,0,1,0,0,1,1,0,0,0,0,1,0.76,0.24,0,0.770654,0.184957,0.0443896,0.770654,0.184957,0.0443896,
cel_col_alpha
0.593907,1,1,1,0.034209,0.00197044,1,0.00197044,0.00197044,
Matrix
0,0,24,100,24,100,100,24,0,0,24,100,100,24,100,24,0,0,
matrix_i
0,0,24,100,24,100,100,24,0,0,24,100,100,24,100,24,0,0,
pareto_opt
24,100,24,100,100,24,24,100,100,24,100,24,
pareto_opt_ind
1,2,3,5,6,7,
stepsize
1,3,
conv_ind
1,0,
binplayer
0,0,
