players, actions, min payoff, max payoff
2,5,0,100
normalize
1
generator
MinimumEffortGame
NE
1,0,0,0,0,1,0,0,0,0,0,1,0,0,0,0,1,0,0,0,0,0,1,0,0,0,0,1,0,0,0,24/25,1/25,0,0,0,24/25,1/25,0,0,0,0,0,1,0,0,0,0,1,0,0,49/50,0,1/50,0,0,49/50,0,1/50,0,0,0,0,0,1,0,0,0,0,1,0,0,0,24/25,1/25,0,0,0,24/25,1/25,
NE_d
1,0,0,0,0,1,0,0,0,0,0,1,0,0,0,0,1,0,0,0,0,0,1,0,0,0,0,1,0,0,0,0.96,0.04,0,0,0,0.96,0.04,0,0,0,0,0,1,0,0,0,0,1,0,0,0.98,0,0.02,0,0,0.98,0,0.02,0,0,0,0,0,1,0,0,0,0,1,0,0,0,0.96,0.04,0,0,0,0.96,0.04,
cel_col_alpha

Matrix
2,2,2,2,1,2,1,2,0,2,2,2,27,27,26,27,26,27,25,27,2,1,27,26,51,51,51,51,50,51,2,1,27,26,51,51,76,76,75,76,2,0,27,25,51,50,76,75,100,100,
matrix_i
2,2,2,2,1,2,1,2,0,2,2,2,27,27,26,27,26,27,25,27,2,1,27,26,51,51,51,51,50,51,2,1,27,26,51,51,76,76,75,76,2,0,27,25,51,50,76,75,100,100,
pareto_opt
100,100,
pareto_opt_ind
24,
stepsize
1,5,
conv_ind
1,0,
binplayer
0,0,
