players, actions, min payoff, max payoff
2,5,0,100
normalize
1
generator
RandomGame
NE
34/47,0,0,13/47,0,0,0,11/29,18/29,0,0,0,0,1/3,2/3,35/93,0,58/93,0,0,988/5243,0,0,3217/5243,1038/5243,388/3597,0,1448/3597,587/1199,0,
NE_d
0.723404,0,0,0.276596,0,0,0,0.37931,0.62069,0,0,0,0,0.333333,0.666667,0.376344,0,0.623656,0,0,0.188442,0,0,0.61358,0.197978,0.107868,0,0.402558,0.489575,0,
cel_col_alpha

Matrix
70,25,78,64,37,11,1,80,59,87,91,70,3,6,63,71,96,55,24,16,15,96,3,3,20,91,87,54,52,100,89,83,43,31,76,73,45,88,61,7,47,38,92,86,32,97,33,0,93,90,
matrix_i
70,25,78,64,37,11,1,80,59,87,91,70,3,6,63,71,96,55,24,16,15,96,3,3,20,91,87,54,52,100,89,83,43,31,76,73,45,88,61,7,47,38,92,86,32,97,33,0,93,90,
pareto_opt
96,55,52,100,93,90,
pareto_opt_ind
8,14,24,
stepsize
1,5,
conv_ind
1,0,
binplayer
0,0,
