players, actions, min payoff, max payoff
2,4,0,100
normalize
1
generator
MinimumEffortGame
NE
1,0,0,0,1,0,0,0,0,1,0,0,0,1,0,0,19/33,14/33,0,0,19/33,14/33,0,0,0,0,1,0,0,0,1,0,39/67,0,28/67,0,39/67,0,28/67,0,0,10/17,7/17,0,0,10/17,7/17,0,19/33,7/561,7/17,0,19/33,7/561,7/17,0,0,0,0,1,0,0,0,1,0,0,19/33,14/33,0,0,19/33,14/33,
NE_d
1,0,0,0,1,0,0,0,0,1,0,0,0,1,0,0,0.575758,0.424242,0,0,0.575758,0.424242,0,0,0,0,1,0,0,0,1,0,0.58209,0,0.41791,0,0.58209,0,0.41791,0,0,0.588235,0.411765,0,0,0.588235,0.411765,0,0.575758,0.0124777,0.411765,0,0.575758,0.0124777,0.411765,0,0,0,0,1,0,0,0,1,0,0,0.575758,0.424242,0,0,0.575758,0.424242,
cel_col_alpha
1,0.0017548,0.0576716,0,0.0017548,1,0.00124447,0,0.0576716,0.00124447,1,0.244261,0,0,0.244261,1,
Matrix
42,42,28,42,14,42,0,42,42,28,61,61,47,61,33,61,42,14,61,47,81,81,67,81,42,0,61,33,81,67,100,100,
matrix_i
42,42,28,42,14,42,0,42,42,28,61,61,47,61,33,61,42,14,61,47,81,81,67,81,42,0,61,33,81,67,100,100,
pareto_opt
100,100,
pareto_opt_ind
15,
stepsize
1,4,
conv_ind
1,0,
binplayer
0,0,
