players, actions, min payoff, max payoff
2,5,0,100
normalize
1
generator
RandomLEG
NE
1,0,0,0,0,1,0,0,0,0,13/63,0,0,50/63,0,13/63,0,0,50/63,0,0,0,0,1,0,0,0,0,1,0,
NE_d
1,0,0,0,0,1,0,0,0,0,0.206349,0,0,0.793651,0,0.206349,0,0,0.793651,0,0,0,0,1,0,0,0,0,1,0,
cel_col_alpha

Matrix
100,100,44,94,61,95,50,55,28,41,94,44,18,18,59,36,37,34,42,0,95,61,36,59,73,73,67,61,46,56,55,50,34,37,61,67,68,68,46,67,41,28,0,42,56,46,67,46,46,46,
matrix_i
100,100,44,94,61,95,50,55,28,41,94,44,18,18,59,36,37,34,42,0,95,61,36,59,73,73,67,61,46,56,55,50,34,37,61,67,68,68,46,67,41,28,0,42,56,46,67,46,46,46,
pareto_opt
100,100,
pareto_opt_ind
0,
stepsize
1,5,
conv_ind
1,0,
binplayer
0,0,
