players, actions, min payoff, max payoff
2,4,0,100
normalize
1
generator
WarOfAttrition
NE
0,0,0,1,0,0,0,1,
NE_d
0,0,0,1,0,0,0,1,
cel_col_alpha
0,0,0,0,0,0,0,0,0,0,0,0,0,0,0,1,
Matrix
53,55,96,10,96,10,96,10,10,100,48,51,91,6,91,6,10,100,5,96,43,47,86,2,10,100,5,96,0,92,38,43,
matrix_i
53,55,96,10,96,10,96,10,10,100,48,51,91,6,91,6,10,100,5,96,43,47,86,2,10,100,5,96,0,92,38,43,
pareto_opt
53,55,96,10,96,10,96,10,10,100,10,100,10,100,
pareto_opt_ind
0,1,2,3,4,8,12,
stepsize
1,4,
conv_ind
1,0,
binplayer
0,0,
