players, actions, min payoff, max payoff
2,3,0,100
normalize
1
generator
DispersionGame
NE
1,0,0,0,1,0,1,0,0,0,0,1,0,1,0,1,0,0,0,1,0,0,0,1,0,0,1,1,0,0,0,0,1,0,1,0,1/3,1/3,1/3,1/3,1/3,1/3,
NE_d
1,0,0,0,1,0,1,0,0,0,0,1,0,1,0,1,0,0,0,1,0,0,0,1,0,0,1,1,0,0,0,0,1,0,1,0,0.333333,0.333333,0.333333,0.333333,0.333333,0.333333,
cel_col_alpha
0.111111,1,1,1,0.111111,1,1,1,0.111111,
Matrix
0,0,100,100,100,100,100,100,0,0,100,100,100,100,100,100,0,0,
matrix_i
0,0,100,100,100,100,100,100,0,0,100,100,100,100,100,100,0,0,
pareto_opt
100,100,100,100,100,100,100,100,100,100,100,100,
pareto_opt_ind
1,2,3,5,6,7,
stepsize
1,3,
conv_ind
1,0,
binplayer
0,0,
