players, actions, min payoff, max payoff
3,2,0,100
normalize
1
generator
TravelersDilemma
NE
0.000000,1.000000,0.000000,1.000000,1.000000,0.000000,1.000000,0.000000,1.000000,0.000000,1.000000,0.000000,0.000000,1.000000,1.000000,0.000000,0.000000,1.000000,0.000000,1.000000,1.000000,0.000000,1.000000,0.000000,1.000000,0.000000,1.000000,0.000000,0.000000,1.000000,1.000000,0.000000,0.000000,1.000000,1.000000,0.000000,1.000000,0.000000,0.000000,1.000000,0.000000,1.000000,
NE_d
0,1,0,1,1,0,1,0,1,0,1,0,0,1,1,0,0,1,0,1,1,0,1,0,1,0,1,0,0,1,1,0,0,1,1,0,1,0,0,1,0,1,
cel_col_alpha
1,1,1,1,1,1,1,0,
Matrix
0,0,0,0,0,0,0,0,0,0,100,0,0,0,0,100,0,0,0,0,100,84,84,84,
matrix_i
0,0,0,0,0,0,0,0,0,0,100,0,0,0,0,100,0,0,0,0,100,84,84,84,
pareto_opt
0,100,0,100,0,0,0,0,100,84,84,84,
pareto_opt_ind
3,5,6,7,
stepsize
2,4,1,
conv_ind
1,0,2,
binplayer
0,0,0,
