players, actions, min payoff, max payoff
2,5,0,100
normalize
1
generator
RandomZeroSum
NE
0,3335/6544,0,963/6544,1123/3272,0,191/818,0,185/409,257/818,
NE_d
0,0.509627,0,0.147158,0.343215,0,0.233496,0,0.452323,0.314181,
cel_col_alpha

Matrix
42,58,57,43,24,76,66,34,83,17,48,52,68,32,87,13,20,80,72,28,25,75,100,0,0,100,12,88,45,55,20,80,45,55,20,80,67,33,86,14,18,82,83,17,96,4,87,13,21,79,
matrix_i
42,58,57,43,24,76,66,34,83,17,48,52,68,32,87,13,20,80,72,28,25,75,100,0,0,100,12,88,45,55,20,80,45,55,20,80,67,33,86,14,18,82,83,17,96,4,87,13,21,79,
pareto_opt
42,58,57,43,24,76,66,34,83,17,48,52,68,32,87,13,20,80,72,28,25,75,100,0,0,100,12,88,45,55,20,80,45,55,20,80,67,33,86,14,18,82,83,17,96,4,87,13,21,79,
pareto_opt_ind
0,1,2,3,4,5,6,7,8,9,10,11,12,13,14,15,16,17,18,19,20,21,22,23,24,
stepsize
1,5,
conv_ind
1,0,
binplayer
0,0,
