players, actions, min payoff, max payoff
2,4,0,100
normalize
1
generator
DispersionGame
NE
1,0,0,0,0,1,0,0,1,0,0,0,0,0,1,0,1,0,0,0,0,0,0,1,0,1,0,0,1,0,0,0,0,1,0,0,0,0,1,0,0,1,0,0,0,0,0,1,0,0,1,0,1,0,0,0,0,0,1,0,0,1,0,0,0,0,1,0,0,0,0,1,0,0,0,1,1,0,0,0,0,0,0,1,0,1,0,0,0,0,0,1,0,0,1,0,1/4,1/4,1/4,1/4,1/4,1/4,1/4,1/4,
NE_d
1,0,0,0,0,1,0,0,1,0,0,0,0,0,1,0,1,0,0,0,0,0,0,1,0,1,0,0,1,0,0,0,0,1,0,0,0,0,1,0,0,1,0,0,0,0,0,1,0,0,1,0,1,0,0,0,0,0,1,0,0,1,0,0,0,0,1,0,0,0,0,1,0,0,0,1,1,0,0,0,0,0,0,1,0,1,0,0,0,0,0,1,0,0,1,0,0.25,0.25,0.25,0.25,0.25,0.25,0.25,0.25,
cel_col_alpha
0.0625,1,1,1,1,0.0625,1,1,1,1,0.0625,1,1,1,1,0.0625,
Matrix
0,0,100,100,100,100,100,100,100,100,0,0,100,100,100,100,100,100,100,100,0,0,100,100,100,100,100,100,100,100,0,0,
matrix_i
0,0,100,100,100,100,100,100,100,100,0,0,100,100,100,100,100,100,100,100,0,0,100,100,100,100,100,100,100,100,0,0,
pareto_opt
100,100,100,100,100,100,100,100,100,100,100,100,100,100,100,100,100,100,100,100,100,100,100,100,
pareto_opt_ind
1,2,3,4,6,7,8,9,11,12,13,14,
stepsize
1,4,
conv_ind
1,0,
binplayer
0,0,
