players, actions, min payoff, max payoff
2,3,0,100
normalize
1
generator
TravelersDilemma
NE
1,0,0,1,0,0,1,0,0,0,1,0,1,0,0,0,29/71,42/71,0,1,0,1,0,0,0,29/71,42/71,1,0,0,
NE_d
1,0,0,1,0,0,1,0,0,0,1,0,1,0,0,0,0.408451,0.591549,0,1,0,1,0,0,0,0.408451,0.591549,1,0,0,
cel_col_alpha
1,1,0.591549,1,0,0,0.591549,0,0,
Matrix
0,0,0,71,0,71,71,0,29,29,29,100,71,0,100,29,58,58,
matrix_i
0,0,0,71,0,71,71,0,29,29,29,100,71,0,100,29,58,58,
pareto_opt
29,100,100,29,58,58,
pareto_opt_ind
5,7,8,
stepsize
1,3,
conv_ind
1,0,
binplayer
0,0,
