players, actions, min payoff, max payoff
2,4,0,100
normalize
1
generator
TravelersDilemma
NE
1,0,0,0,1,0,0,0,1,0,0,0,0,1,0,0,1,0,0,0,0,3/11,8/11,0,1,0,0,0,0,35/83,0,48/83,1,0,0,0,0,3/11,136/715,384/715,0,1,0,0,1,0,0,0,0,3/11,8/11,0,1,0,0,0,0,35/83,0,48/83,1,0,0,0,0,3/11,136/715,384/715,1,0,0,0,
NE_d
1,0,0,0,1,0,0,0,1,0,0,0,0,1,0,0,1,0,0,0,0,0.272727,0.727273,0,1,0,0,0,0,0.421687,0,0.578313,1,0,0,0,0,0.272727,0.19021,0.537063,0,1,0,0,1,0,0,0,0,0.272727,0.727273,0,1,0,0,0,0,0.421687,0,0.578313,1,0,0,0,0,0.272727,0.19021,0.537063,1,0,0,0,
cel_col_alpha
1,1,0.138334,0.310591,1,0,0,0,0.138334,0,0,0,0.310591,0,0,0,
Matrix
0,0,0,65,0,65,0,65,65,0,17,17,17,83,17,83,65,0,83,17,35,35,35,100,65,0,83,17,100,35,52,52,
matrix_i
0,0,0,65,0,65,0,65,65,0,17,17,17,83,17,83,65,0,83,17,35,35,35,100,65,0,83,17,100,35,52,52,
pareto_opt
35,100,100,35,52,52,
pareto_opt_ind
11,14,15,
stepsize
1,4,
conv_ind
1,0,
binplayer
0,0,
