players, actions, min payoff, max payoff
2,5,0,100
normalize
1
generator
WarOfAttrition
NE
0,0,0,0,1,0,0,0,0,1,
NE_d
0,0,0,0,1,0,0,0,0,1,
cel_col_alpha

Matrix
62,62,100,24,100,24,100,24,100,24,24,99,54,54,92,16,92,16,92,16,24,99,16,91,46,46,84,8,84,8,24,99,16,91,8,83,38,38,76,0,24,99,16,91,8,83,0,75,30,30,
matrix_i
62,62,100,24,100,24,100,24,100,24,24,99,54,54,92,16,92,16,92,16,24,99,16,91,46,46,84,8,84,8,24,99,16,91,8,83,38,38,76,0,24,99,16,91,8,83,0,75,30,30,
pareto_opt
62,62,100,24,100,24,100,24,100,24,24,99,24,99,24,99,24,99,
pareto_opt_ind
0,1,2,3,4,5,10,15,20,
stepsize
1,5,
conv_ind
1,0,
binplayer
0,0,
