players, actions, min payoff, max payoff
2,4,0,100
normalize
1
generator
BertrandOligopoly
NE
0,1,0,0,0,1,0,0,0,0,1,0,0,0,1,0,0,2/9,7/9,0,0,2/9,7/9,0,
NE_d
0,1,0,0,0,1,0,0,0,0,1,0,0,0,1,0,0,0.222222,0.777778,0,0,0.222222,0.777778,0,
cel_col_alpha
0,0,0,0,0,1,0.17284,0,0,0.17284,1,0,0,0,0,0,
Matrix
0,0,25,2,25,2,25,2,2,25,32,32,25,54,25,54,2,25,54,25,56,56,25,100,2,25,54,25,100,25,25,25,
matrix_i
0,0,25,2,25,2,25,2,2,25,32,32,25,54,25,54,2,25,54,25,56,56,25,100,2,25,54,25,100,25,25,25,
pareto_opt
56,56,25,100,100,25,
pareto_opt_ind
10,11,14,
stepsize
1,4,
conv_ind
1,0,
binplayer
0,0,
