players, actions, min payoff, max payoff
2,4,0,100
normalize
1
generator
CovariantGame
NE
27/38,0,0,11/38,0,17/18,0,1/18,
NE_d
0.710526,0,0,0.289474,0,0.944444,0,0.0555556,
cel_col_alpha
0,0,0,0,0.671053,0,0,0.273392,0,0,0,0,0.0394737,0,0,0.0160819,
Matrix
28,48,21,10,25,49,67,15,44,51,23,78,17,35,43,100,0,26,42,58,66,38,55,11,35,84,30,39,16,62,52,19,
matrix_i
28,48,21,10,25,49,67,15,44,51,23,78,17,35,43,100,0,26,42,58,66,38,55,11,35,84,30,39,16,62,52,19,
pareto_opt
67,15,44,51,43,100,66,38,
pareto_opt_ind
3,4,7,10,
stepsize
1,4,
conv_ind
1,0,
binplayer
0,0,
