players, actions, min payoff, max payoff
3,2,0,100
normalize
1
generator
DispersionGame
NE
1.000000,0.000000,1.000000,0.000000,0.000000,1.000000,0.000000,1.000000,0.000000,1.000000,1.000000,0.000000,1.000000,0.000000,0.000000,1.000000,1.000000,0.000000,0.000000,1.000000,1.000000,0.000000,0.000000,1.000000,0.000000,1.000000,1.000000,0.000000,1.000000,0.000000,1.000000,0.000000,0.000000,1.000000,0.000000,1.000000,0.500000,0.500000,0.500000,0.500000,0.500000,0.500000,
NE_d
1,0,1,0,0,1,0,1,0,1,1,0,1,0,0,1,1,0,0,1,1,0,0,1,0,1,1,0,1,0,1,0,0,1,0,1,0.5,0.5,0.5,0.5,0.5,0.5,
cel_col_alpha
0.125,1,1,1,1,1,1,0.125,
Matrix
0,0,0,100,100,100,100,100,100,100,100,100,100,100,100,100,100,100,100,100,100,0,0,0,
matrix_i
0,0,0,100,100,100,100,100,100,100,100,100,100,100,100,100,100,100,100,100,100,0,0,0,
pareto_opt
100,100,100,100,100,100,100,100,100,100,100,100,100,100,100,100,100,100,
pareto_opt_ind
1,2,3,4,5,6,
stepsize
2,4,1,
conv_ind
1,0,2,
binplayer
0,0,0,
