players, actions, min payoff, max payoff
2,5,0,100
normalize
1
generator
UniformLEG
NE
0,1,0,0,0,0,1,0,0,0,0,9/13,4/13,0,0,0,9/13,4/13,0,0,0,0,1,0,0,0,0,1,0,0,
NE_d
0,1,0,0,0,0,1,0,0,0,0,0.692308,0.307692,0,0,0,0.692308,0.307692,0,0,0,0,1,0,0,0,0,1,0,0,
cel_col_alpha

Matrix
87,87,100,89,96,77,97,89,38,88,89,100,100,100,96,87,97,100,37,98,77,96,87,96,96,96,85,96,25,95,89,97,100,97,96,85,78,78,38,96,88,38,98,37,95,25,96,38,0,0,
matrix_i
87,87,100,89,96,77,97,89,38,88,89,100,100,100,96,87,97,100,37,98,77,96,87,96,96,96,85,96,25,95,89,97,100,97,96,85,78,78,38,96,88,38,98,37,95,25,96,38,0,0,
pareto_opt
100,100,
pareto_opt_ind
6,
stepsize
1,5,
conv_ind
1,0,
binplayer
0,0,
