players, actions, min payoff, max payoff
2,4,0,100
normalize
1
generator
PolymatrixGame
NE
39/86,47/86,0,0,1/2,1/2,0,0,
NE_d
0.453488,0.546512,0,0,0.5,0.5,0,0,
cel_col_alpha
0.226744,0.273256,0,0,0.226744,0.273256,0,0,0,0,0,0,0,0,0,0,
Matrix
47,71,67,61,50,78,44,16,83,24,63,100,65,54,53,25,62,26,45,22,67,57,100,0,35,66,42,50,75,53,95,24,
matrix_i
47,71,67,61,50,78,44,16,83,24,63,100,65,54,53,25,62,26,45,22,67,57,100,0,35,66,42,50,75,53,95,24,
pareto_opt
67,61,63,100,100,0,75,53,95,24,
pareto_opt_ind
1,5,11,14,15,
stepsize
1,4,
conv_ind
1,0,
binplayer
0,0,
